year,percapitaincome
1970,104.0494636
1971,109.5175164
1972,113.4048969
1973,132.9284115
1974,150.1749509
1975,143.1885908
1976,146.3873746
1977,168.0732639
1978,185.4636819
1979,201.0911931
1980,240.8482695
1981,242.0838068
1982,242.662204
1983,258.4838783
1984,244.3752222
1985,260.1838858
1986,273.9820021
1987,300.5977429
1988,312.7538153
1989,302.8448595
1990,321.1004567
1991,263.4499556
1992,276.0458601
1993,262.2698856
1994,302.9207174
1995,326.0684209
1996,349.5595208
1997,363.8320593
1998,364.2095922
1999,389.970085
2000,386.7647808
2001,394.2017469
2002,410.8045184
2003,476.7612398
2004,548.1318537
2005,621.48335
2006,699.3819235
2007,891.5848347
2008,852.1268773
2009,957.9084149
2010,1171.9979
2011,1256.484413
2012,1246.473132
2013,1251.528285
2014,1365.396839
2015,1404.45172
2016,1503.878512
2017,1730.733672
2018,1735.329397